82 78 0
625 425 0
361 27 1
422 115 1
391 156 1
153 62 0
141 382 0
55 38 0
51 126 1
72 429 0
395 379 1
131 383 0
393 93 0
31 261 0
587 148 1
117 22 0
403 379 1
138 169 1
430 155 0
26 288 0
64 302 0
125 86 0
50 9 0
381 126 0
429 188 1
114 84 1
486 320 0
68 11 0
306 279 0
418 257 1
529 162 0
395 33 1
304 378 1
386 57 0
541 306 1
512 44 1
537 69 0
512 297 1
201 330 0
447 275 0
191 214 1
510 470 0
526 124 1
111 387 0
97 297 1
143 393 1
209 269 1
28 221 0
626 466 0
368 93 0
202 431 0
599 130 1
428 377 0
201 235 1
51 350 0
140 254 0
468 21 0
164 468 1
53 414 1
418 18 1
207 428 0
173 368 1
527 403 0
217 390 1
229 394 1
171 215 0
519 449 0
223 238 0
84 448 0
62 109 1
533 325 1
307 283 1
408 383 0
218 18 0
78 116 0
318 389 1
632 277 1
132 298 0
270 179 0
431 278 1
596 328 1
74 362 1
488 375 0
406 442 0
429 113 1
136 324 0
82 318 1
579 421 1
372 156 1
472 275 1
523 110 0
608 101 1
535 189 1
345 202 1
208 205 0
77 297 0
329 212 0
549 281 0
448 129 0
315 315 0