100
-0.081091 0.039780
-0.336192 -0.186784
-0.076106 -0.033826
0.320483 0.063983
-0.008207 -0.078981
-0.402993 0.040830
-0.246836 -0.003267
-0.538070 -0.048083
0.239832 -0.086659
-0.290080 -0.006865
-0.084865 -0.044721
0.046382 -0.086420
0.242659 0.073037
0.158610 0.094767
0.071858 -0.084707
-0.161722 -0.106949
-0.096514 -0.100455
0.026094 -0.034775
0.046630 -0.109038
-0.324668 0.014222
0.273955 -0.108749
-0.283242 0.110294
0.214213 -0.006194
-0.003080 0.024706
0.099570 -0.219833
0.238581 0.089655
0.213720 0.107662
-0.165023 0.132401
-0.452102 0.168718
-0.161416 -0.118723
0.161239 0.265965
-0.362370 -0.042277
0.066909 0.072505
-0.096626 -0.024982
0.042855 -0.105120
0.644701 0.167975
-0.054717 -0.112327
0.075484 0.070312
0.182412 -0.032331
-0.070831 -0.106720
-0.216629 0.032706
-0.287020 0.034575
0.243003 -0.004000
0.455819 -0.050106
-0.185356 -0.092095
-0.236596 -0.070935
-0.149552 0.064381
0.048711 -0.060257
-0.432194 0.046365
-0.263183 0.061333
-0.364031 0.001522
-0.067909 -0.090152
0.400916 0.022336
-0.082661 0.052237
0.132362 -0.192903
0.075897 -0.242086
-0.070113 0.149638
-0.135812 0.026733
-0.257574 -0.007844
0.062163 0.065697
-0.067630 -0.088094
0.333322 0.182214
0.269194 -0.053388
0.167301 -0.016260
0.371985 -0.145298
-0.128103 0.047091
0.019131 -0.034320
-0.180482 -0.365724
-0.097627 -0.005400
-0.242329 0.066096
0.034126 0.188115
0.106666 -0.035100
0.046819 0.185552
-0.032907 0.234771
0.661846 -0.216554
0.177173 0.039805
0.468367 0.123172
0.041755 0.120411
0.006340 -0.075034
-0.199097 0.063200
-0.244342 -0.150158
0.196500 0.051034
-0.296196 0.015117
-0.295099 0.021814
0.228979 -0.116936
-0.187433 -0.099795
0.044652 -0.095149
-0.053818 0.171006
-0.480114 -0.009586
0.365240 -0.215416
-0.197528 0.015548
0.218142 -0.139633
0.215907 0.044761
-0.219517 -0.111630
0.170394 0.059771
-0.105185 0.008174
-0.100431 0.001314
0.347367 -0.041985
0.085863 0.039604
-0.257417 0.031270
